"F16.INT.004" "F16.INT.021" "F16.INT.027" "F16.INT.103" "F16.INT.104" "F16.INT.107" "F16.INT.114" "F16.INT.204" "F16.INT.205" "F16.INT.207" "F16.INT.208" "F16.INT.209" "F16.INT.210" "F16.INT.306" "F16.INT.312" "F16.INT.320" "F16.INT.409" "F16.INT.411" "F16.INT.412" "F16.INT.501" "F16.INT.502" "F16.INT.503" "F16.INT.504" "F16.INT.505" "F16.INT.609" "F16.INT.612" "F16.INT.681" "F16.INT.686" "F16.INT.701"
"F16.INT.004" 0.727843994338816 0.0950946189747423 0.0699938003938491 -0.0519697775375227 -0.0210772494919807 -0.0964206360435983 -0.0378998119652733 -0.022325639164572 0.017254453077944 -0.0885312226209044 0.00771757459551555 -0.0251600976834914 -0.0389333148909445 -0.0345844164413391 -0.0351574477664636 -0.0241368274600563 -0.0309620398503749 0.0236601246766553 0.000871896800727953 -0.0829339344987069 -0.087108877010327 -0.128561553761732 -0.124355913143408 -0.0746863764978111 -0.0139962195458011 0.00615197115365952 0.0443813467012402 0.0437980826738809 -0.0179665080127335
"F16.INT.021" 0.0950946189747423 0.858843048343131 0.130151856829672 -0.0404784529283329 -0.00365095758686017 -0.00866498168169829 0.0249289797537157 0.0939178582177907 0.0388352220902144 -0.00255605844778304 -0.127681541369576 0.0637825501375906 -0.185905617083106 -0.0352597747888079 -0.0844995379405645 0.0164358368991951 -0.0173934766876095 -0.0408161321020674 -0.127108510044451 -0.147410191277428 -0.0969834346664886 -0.0980783338055647 -0.0950596866464277 -0.0192762938987324 -0.0197163000948104 -0.0592145307194529 -0.0827088150495504 -0.0367025858038544 0.00717524137709587
"F16.INT.027" 0.0699938003938491 0.130151856829672 0.711901444257677 -0.00860358546829381 -0.0916624295046184 -0.00438771214773383 0.0111045990350915 -0.0350448880418858 -0.0646071647969636 -0.112526909360485 -0.0204325892512159 -0.0776436274435416 -0.0151525148982845 0.00344030506155384 -0.0119701445033972 -0.00569749803373256 0.0628513742342651 -0.0276364116242068 -0.0569531035256598 -0.0956531833760212 -0.0731207730559538 -0.0525530415648827 -0.136184916926332 -0.0882958704695144 0.00622360006929992 0.0145018561769 0.0687556434234903 -0.0632871462087318 -0.0375109692803669
"F16.INT.103" -0.0519697775375227 -0.0404784529283329 -0.00860358546829381 0.834755267283441 0.200931458184758 0.176925538742944 0.0814339614918689 -0.115760443266545 -0.0939852529118192 -0.000356027467395028 -0.129932735861136 -0.130168088012528 -0.0991323021357043 -0.0271247765124888 -0.0742873011106708 -0.0321081025006233 -0.0267666319342872 -0.106274728295289 -0.072384018495078 -0.0339295234983395 -0.0570963613569406 -0.0543335317536612 -0.0661523028343507 -0.0173730112831413 0.0581545639086907 0.0720710389474235 -0.0561754181558487 -0.0730798422470148 -0.0567996129921428
"F16.INT.104" -0.0210772494919807 -0.00365095758686017 -0.0916624295046184 0.200931458184758 0.741044180221142 0.0119641460227785 0.00757431676423621 0.0439208751006941 -0.105230992667384 0.0910731669966372 -0.0934019888844604 -0.0660397431097739 -0.0545893493095214 -0.0597363985334053 -0.00867521438393278 -0.0216912116260419 -0.0599717506847954 -0.014548785466457 -0.0495036962990415 -0.0540777141978031 -0.0974234408625651 -0.085461411950595 -0.0827395131562541 -0.052952116952023 -0.0533921231481018 0.115130249949626 -0.0786975957736812 -0.0187441933825458 -0.038370516268054
"F16.INT.107" -0.0964206360435983 -0.00866498168169829 -0.00438771214773383 0.176925538742944 0.0119641460227785 0.805203223230598 0.110873445820129 -0.0275647827085666 -0.0167692818513136 0.0655835057308369 0.00514916633469175 0.00995853638484317 -0.0355667558558384 0.0245708351755136 -0.0436608233232204 -0.0643922780500425 0.0439208751006938 -0.127579214347233 -0.147399958575195 -0.146039009178023 -0.111636664266095 -0.125194994726626 -0.112680399894001 -0.0739905527458764 0.00183377081075845 0.0457218306939395 -0.050475803011307 -0.0602582663473573 -0.0490227592940258
"F16.INT.114" -0.0378998119652733 0.0249289797537157 0.0111045990350915 0.0814339614918689 0.00757431676423621 0.110873445820129 0.727281195715921 0.0315495380993488 0.0521377349948856 -0.00735519579569899 -0.0793627214189145 0.0212963704605157 -0.0862493300226408 -0.0430263957846893 -0.00413189459187467 0.0876042809391891 0.0466530065972696 -0.00139976309530027 -0.0722612260682691 -0.143603626046245 -0.11661999025423 -0.109999431908597 -0.144074330349026 -0.0555307579150856 -0.068434195432614 -0.0310745995749524 0.0059677825134417 -0.115392065986106 -0.0919898759761197
"F16.INT.204" -0.022325639164572 0.0939178582177907 -0.0350448880418858 -0.115760443266545 0.0439208751006941 -0.0275647827085666 0.0315495380993488 0.703234345465168 0.0727566299971279 0.0883410355000628 -0.000581146916551178 0.149041425154306 0.00410543070678626 -0.0900661279560587 -0.0369277052530081 -0.0508339475895082 -0.0407445031864263 -0.0632769135064946 -0.0593577885507337 -0.11052129972255 -0.0802734319177739 -0.119648870115603 -0.141260337234577 -0.030757385805687 -0.0297136501777823 -0.0712891193560024 -0.0437426849410965 0.000186305751026189 -0.0173627785809067
"F16.INT.205" 0.017254453077944 0.0388352220902144 -0.0646071647969636 -0.0939852529118192 -0.105230992667384 -0.0167692818513136 0.0521377349948856 0.0727566299971279 0.730463566110812 0.10151052327569 0.059771330861719 0.260434621677571 0.000360261689010429 -0.047518552065577 -0.0605550147121546 -0.0329164859771384 -0.0412254401914411 -0.0382374911390071 -0.0366923531016197 -0.132368118992916 -0.098559270810581 -0.107072879069571 -0.132245326566102 -0.0968197114307387 -0.0580889334736731 -0.0898717066136041 0.00266261969174032 -0.0237377520729148 -0.0596852350222352
"F16.INT.207" -0.0885312226209044 -0.00255605844778304 -0.112526909360485 -0.000356027467395028 0.0910731669966372 0.0655835057308369 -0.00735519579569899 0.0883410355000628 0.10151052327569 0.799616167810638 0.0186767986885199 0.0932220344658537 -0.00838869872136997 -0.142027789902153 -0.0951210828598332 0.0236191938677177 -0.0900354298493556 -0.05885638614125 -0.157018698675494 -0.0770194326072464 -0.112056205057704 -0.0772445520564017 -0.0626527186701993 -0.121593083540131 -0.0258866195421309 0.0509405088334659 -0.117366977517337 0.0583182871444392 -0.0343081334810111
"F16.INT.208" 0.00771757459551555 -0.127681541369576 -0.0204325892512159 -0.129932735861136 -0.0934019888844604 0.00514916633469175 -0.0793627214189145 -0.000581146916551178 0.059771330861719 0.0186767986885199 0.739284155436832 0.0218080055722348 0.210713921520807 -0.0125431758285217 -0.0629699324394644 -0.0848883806254716 0.0198637921477073 0.012762296797058 -0.0275340846018633 -0.0291406188526578 -0.0143236660173006 -0.108300803337693 -0.098753692153032 -0.129502962367293 -0.0536786388106636 -0.0851646635857968 0.113012080587113 0.00530265686820786 -0.0558684370888164
"F16.INT.209" -0.0251600976834914 0.0637825501375906 -0.0776436274435416 -0.130168088012528 -0.0660397431097739 0.00995853638484317 0.0212963704605157 0.149041425154306 0.260434621677571 0.0932220344658537 0.0218080055722348 0.673825559243608 0.0585434065935946 -0.0314736749620954 -0.0272987324504727 -0.0441724584349402 -0.0465464453533105 -0.0165543951043914 -0.0334076556843902 -0.0937703661648979 -0.124059164778613 -0.123670322093707 -0.0844483744293938 -0.0614861906154844 -0.037592830898242 -0.103204917624981 -0.109487796796878 -0.08514419818133 -0.0305834298677028
"F16.INT.210" -0.0389333148909445 -0.185905617083106 -0.0151525148982845 -0.0991323021357043 -0.0545893493095214 -0.0355667558558384 -0.0862493300226408 0.00410543070678626 0.000360261689010429 -0.00838869872136997 0.210713921520807 0.0585434065935946 0.753998781249847 0.0387328950678722 -0.0167385837446107 -0.13242951520632 -0.0517139599816637 -0.00985197514088406 0.0356119208863917 -0.0173320804742036 -0.0494013692766997 -0.0819515950842098 -0.0272987324504729 -0.10048301883064 -0.104187257039479 -0.0490227592940293 0.0515237728608243 0.0533144957518368 -0.042576156886378
"F16.INT.306" -0.0345844164413391 -0.0352597747888079 0.00344030506155384 -0.0271247765124888 -0.0597363985334053 0.0245708351755136 -0.0430263957846893 -0.0900661279560587 -0.047518552065577 -0.142027789902153 -0.0125431758285217 -0.0314736749620954 0.0387328950678722 0.676046055628465 0.06298439936331 -0.0129422512156618 0.123858744955539 0.0105213350077332 0.101090982484078 -0.0500767276241676 -0.114194839824686 -0.0859116508489085 -0.0576693926820651 -0.064382045347808 -0.0452366594673126 -0.0292429458750017 0.0110636682261544 -0.0248326512119918 -0.0444589740975
"F16.INT.312" -0.0351574477664636 -0.0844995379405645 -0.0119701445033972 -0.0742873011106708 -0.00867521438393278 -0.0436608233232204 -0.00413189459187467 -0.0369277052530081 -0.0605550147121546 -0.0951210828598332 -0.0629699324394644 -0.0272987324504727 -0.0167385837446107 0.06298439936331 0.607241365804611 0.06363929230631 0.077883213816543 -0.0146818105955033 0.110904143926835 -0.0384830759926317 -0.06699138441757 -0.00725286877335611 -0.019665136583638 -0.0165850932110947 -0.0968504095374411 0.0025295945626951 0.0374947380975137 -0.0452878229784831 -0.0948857307084439
"F16.INT.320" -0.0241368274600563 0.0164358368991951 -0.00569749803373256 -0.0321081025006233 -0.0216912116260419 -0.0643922780500425 0.0876042809391891 -0.0508339475895082 -0.0329164859771384 0.0236191938677177 -0.0848883806254716 -0.0441724584349402 -0.13242951520632 -0.0129422512156618 0.06363929230631 0.741156739945721 0.0687249453167861 0.0467860317263145 -0.013985986843566 -0.0716779620409084 -0.0880195875091853 -0.0707160880308783 -0.0303071469073748 -0.0922149954252751 -0.0567484494809725 0.0450055415375362 -0.0256717327952092 -0.124181957205424 -0.0132389995804577
"F16.INT.409" -0.0309620398503749 -0.0173934766876095 0.0628513742342651 -0.0267666319342872 -0.0599717506847954 0.0439208751006938 0.0466530065972696 -0.0407445031864263 -0.0412254401914411 -0.0900354298493556 0.0198637921477073 -0.0465464453533105 -0.0517139599816637 0.123858744955539 0.077883213816543 0.0687249453167861 0.726912818435486 0.0180014403410518 -0.0507827840783392 -0.112035739653235 -0.0826781169428494 -0.102468163064106 -0.105087734836103 -0.12752805083606 -0.105118432942807 -0.0781450298530242 0.087092645827469 -0.0603810587741695 -0.0461780680728728
"F16.INT.411" 0.0236601246766553 -0.0408161321020674 -0.0276364116242068 -0.106274728295289 -0.014548785466457 -0.127579214347233 -0.00139976309530027 -0.0632769135064946 -0.0382374911390071 -0.05885638614125 0.012762296797058 -0.0165543951043914 -0.00985197514088406 0.0105213350077332 -0.0146818105955033 0.0467860317263145 0.0180014403410518 0.706181363708668 0.176546928760269 -0.0680965162588808 -0.101056050155765 -0.0445817665243142 -0.0733151943984064 -0.0815115888881309 -0.049902771686182 -0.0413277672137851 -0.00280164330140804 0.0259931807860888 -0.0381453968188976
"F16.INT.412" 0.000871896800727953 -0.127108510044451 -0.0569531035256598 -0.072384018495078 -0.0495036962990415 -0.147399958575195 -0.0722612260682691 -0.0593577885507337 -0.0366923531016197 -0.157018698675494 -0.0275340846018633 -0.0334076556843902 0.0356119208863917 0.101090982484078 0.110904143926835 -0.013985986843566 -0.0507827840783392 0.176546928760269 0.668023617076728 -0.00304722815503263 -0.0573726443172671 0.00266261969174183 -0.00500167428179589 -0.0105273334883517 -0.0623048067942316 -0.0703477107504395 0.0118004227870287 0.0453432207112685 -0.0398644907942704
"F16.INT.501" -0.0829339344987069 -0.147410191277428 -0.0956531833760212 -0.0339295234983395 -0.0540777141978031 -0.146039009178023 -0.143603626046245 -0.11052129972255 -0.132368118992916 -0.0770194326072464 -0.0291406188526578 -0.0937703661648979 -0.0173320804742036 -0.0500767276241676 -0.0384830759926317 -0.0716779620409084 -0.112035739653235 -0.0680965162588808 -0.00304722815503263 0.730985433924764 0.207500853019217 0.320060577597208 0.215953065064801 0.142472030319845 0.0865400799068141 -0.0897591468890279 -0.0984160129792983 -0.0129422512156616 0.00482171986319212
"F16.INT.502" -0.087108877010327 -0.0969834346664886 -0.0731207730559538 -0.0570963613569406 -0.0974234408625651 -0.111636664266095 -0.11661999025423 -0.0802734319177739 -0.098559270810581 -0.112056205057704 -0.0143236660173006 -0.124059164778613 -0.0494013692766997 -0.114194839824686 -0.06699138441757 -0.0880195875091853 -0.0826781169428494 -0.101056050155765 -0.0573726443172671 0.207500853019217 0.831245450417058 0.187987089858287 0.236408236831289 0.184886581081274 0.0283569350022283 -0.0333974229821532 -0.0562982105826613 -0.02750338649516 0.0697891463491613
"F16.INT.503" -0.128561553761732 -0.0980783338055647 -0.0525530415648827 -0.0543335317536612 -0.085461411950595 -0.125194994726626 -0.109999431908597 -0.119648870115603 -0.107072879069571 -0.0772445520564017 -0.108300803337693 -0.123670322093707 -0.0819515950842098 -0.0859116508489085 -0.00725286877335611 -0.0707160880308783 -0.102468163064106 -0.0445817665243142 0.00266261969174183 0.320060577597208 0.187987089858287 0.763771011883664 0.255788974863173 0.142543659235485 0.159315058197605 -0.095622485269317 -0.133657439474445 -0.00189093280254995 -0.0179562753104999
"F16.INT.504" -0.124355913143408 -0.0950596866464277 -0.136184916926332 -0.0661523028343507 -0.0827395131562541 -0.112680399894001 -0.144074330349026 -0.141260337234577 -0.132245326566102 -0.0626527186701993 -0.098753692153032 -0.0844483744293938 -0.0272987324504729 -0.0576693926820651 -0.019665136583638 -0.0303071469073748 -0.105087734836103 -0.0733151943984064 -0.00500167428179589 0.215953065064801 0.236408236831289 0.255788974863173 0.790580691737693 0.283550296024999 0.0353254052238292 -0.059071272888171 -0.127077811937749 -0.064453674263447 0.0319486134864895
"F16.INT.505" -0.0746863764978111 -0.0192762938987324 -0.0882958704695144 -0.0173730112831413 -0.052952116952023 -0.0739905527458764 -0.0555307579150856 -0.030757385805687 -0.0968197114307387 -0.121593083540131 -0.129502962367293 -0.0614861906154844 -0.10048301883064 -0.064382045347808 -0.0165850932110947 -0.0922149954252751 -0.12752805083606 -0.0815115888881309 -0.0105273334883517 0.142472030319845 0.184886581081274 0.142543659235485 0.283550296024999 0.778045631500596 0.0217875401677664 -0.0844790725360957 -0.115095317621311 -0.0130036474290675 -0.0252112611946629
"F16.INT.609" -0.0139962195458011 -0.0197163000948104 0.00622360006929992 0.0581545639086907 -0.0533921231481018 0.00183377081075845 -0.068434195432614 -0.0297136501777823 -0.0580889334736731 -0.0258866195421309 -0.0536786388106636 -0.037592830898242 -0.104187257039479 -0.0452366594673126 -0.0968504095374411 -0.0567484494809725 -0.105118432942807 -0.049902771686182 -0.0623048067942316 0.0865400799068141 0.0283569350022283 0.159315058197605 0.0353254052238292 0.0217875401677664 0.602677580608085 0.0239875711481547 -0.0793320233122133 -0.0410412515512237 -0.0229805321075716
"F16.INT.612" 0.00615197115365952 -0.0592145307194529 0.0145018561769 0.0720710389474235 0.115130249949626 0.0457218306939395 -0.0310745995749524 -0.0712891193560024 -0.0898717066136041 0.0509405088334659 -0.0851646635857968 -0.103204917624981 -0.0490227592940293 -0.0292429458750017 0.0025295945626951 0.0450055415375362 -0.0781450298530242 -0.0413277672137851 -0.0703477107504395 -0.0897591468890279 -0.0333974229821532 -0.095622485269317 -0.059071272888171 -0.0844790725360957 0.0239875711481547 0.764640791573584 -0.00606587531416966 -0.0446329300354859 -0.0197469982015128
"F16.INT.681" 0.0443813467012402 -0.0827088150495504 0.0687556434234903 -0.0561754181558487 -0.0786975957736812 -0.050475803011307 0.0059677825134417 -0.0437426849410965 0.00266261969174032 -0.117366977517337 0.113012080587113 -0.109487796796878 0.0515237728608243 0.0110636682261544 0.0374947380975137 -0.0256717327952092 0.087092645827469 -0.00280164330140804 0.0118004227870287 -0.0984160129792983 -0.0562982105826613 -0.133657439474445 -0.127077811937749 -0.115095317621311 -0.0793320233122133 -0.00606587531416966 0.768692941658395 0.0461209060810797 -0.0654974098913536
"F16.INT.686" 0.0437980826738809 -0.0367025858038544 -0.0632871462087318 -0.0730798422470148 -0.0187441933825458 -0.0602582663473573 -0.115392065986106 0.000186305751026189 -0.0237377520729148 0.0583182871444392 0.00530265686820786 -0.08514419818133 0.0533144957518368 -0.0248326512119918 -0.0452878229784831 -0.124181957205424 -0.0603810587741695 0.0259931807860888 0.0453432207112685 -0.0129422512156616 -0.02750338649516 -0.00189093280254995 -0.064453674263447 -0.0130036474290675 -0.0410412515512237 -0.0446329300354859 0.0461209060810797 0.743489796055153 -0.0853693176304853
"F16.INT.701" -0.0179665080127335 0.00717524137709587 -0.0375109692803669 -0.0567996129921428 -0.038370516268054 -0.0490227592940258 -0.0919898759761197 -0.0173627785809067 -0.0596852350222352 -0.0343081334810111 -0.0558684370888164 -0.0305834298677028 -0.042576156886378 -0.0444589740975 -0.0948857307084439 -0.0132389995804577 -0.0461780680728728 -0.0381453968188976 -0.0398644907942704 0.00482171986319212 0.0697891463491613 -0.0179562753104999 0.0319486134864895 -0.0252112611946629 -0.0229805321075716 -0.0197469982015128 -0.0654974098913536 -0.0853693176304853 0.931843146083077
